247
252
262
331
380
382
398
476
535
536
537
538
542
543
544
545
546
575
577
579
581
1087
1091
1096
1119
1125
1127
1131
1132
1133
1141
1151
1153
1174
1175
1176
1177
1178
1180
1181
1182
1216
1232
1233
1240
1247
1251
1255
1257
1262
1267
1272
1277
1279
1282
1285
1301
1302
1303
1304
1305
1306
1307
1308
1309
1310
1312
1323
1325
1329
1348
1349
1350
1353
1377
1378
1379
1380
1381
1382
1383
1384
1385
1413
1414
1415
1416
1417
1418
1420
1422
1439
1440
1441
1442
1443
1445
1489
1494
1495
1501
1512
1515
1519
1525
1530
1535
1537
1540
1541
1544
1546
1550
1551
1555
1557
1558
1561
1564
1566
1567
1569
1578
1580
1584
1596
1600
1601
1602
1603
1605
1606
1607
1608
1613
1626
1636
1638
1645
1646
1647
1648
1650
1651
1677
1678
1681
1682
1684
1686
1688
1689
1691
1692
1694
1698
1700
1703
1705
1709
1711
1716
1717
1718
1724
1725
1727
1729
1738
1739
1740
1742
1744
1745
1746
1748
1758
1759
1763
1773
1778
1782
1783
1798
1799
1800
1801
1802
1803
1804
1805
1806
1807
1818
1825
1849
1868
1869
1870
1871
1872
1873
1874
1875
1876
1885
1897
1900
1904
1909
1914
1915
1920
1922
1923
1926
1928
1930
1932
1934
1935
1937
1939
1940
1943
1944
1945
1947
1949
1950
1951
1954
1955
1958
1960
1963
1965
1966
1968
1970
1971
1973
1975
1979
1980
1982
1985
1987
1988
1989
1992
1993
1994
1997
1998
1999
2001
2003
2004
2005
2020
2031
2032
2035
2037
2038
2039
2040
2041
2043
2045
2047
2049
2051
2052
2053
2058
2059
2061
2062
2064
2075
2077
2090
2095
2098
2100
2105
2108
2109
2111
2114
2115
2117
2118
2120
2121
2122
2123
2124
2126
2127
2128
2129
2130
2132
2133
2134
2135
2136
2137
2138
2140
2141
2142
2143
2144
2147
2148
2149
2152
2153
2156
2157
2158
2159
2161
2162
2164
2167
2170
2172
2173
2174
2176
2185
2189
2194
2195
2196
2216
2229
2230
2232
2234
2241
2242
2243
2244
2247
2251
2252
2258
2259
2265
2268
2297
2303
2309
2314
2315
2319
2322
2324
2327
2329
2332
2336
2340
2341
2343
2345
2347
2351
2353
2361
2363
2367
2371
2373
2374
2377
2381
3569
3570
3574
3578
3579
3582
3583
3586
3587
3588
3589
3590
3592
3593
3594
3596
3597
3599
3600
3601
3603
3604
3605
3608
3609
3610
3611
3612
3613
3614
3615
3616
3618
3619
3620
3621
3623
3625
3627
3629
3633
3636
3637
3641
3647
3652
3658
3664
3665
3676
3679
3682
3685
3689
3691
3694
3695
3710
3722
3723
3725
3727
3729
3730
3731
3741
3743
3744
3745
3746
3747
3748
